"","X","V3.1","V4","V5","V6","V7","V8","V9","V10","V11","V12","V13","V14","V15","V16","V17","V18","V19","V20","V21","V22","solubility"
"2557",2557,0.0780346820809249,0.0375722543352601,0.0404624277456647,0.0317919075144509,0.0260115606936416,0.0867052023121387,0.0375722543352601,0.0491329479768786,0.0317919075144509,0.0635838150289017,0.0895953757225433,0.0751445086705202,0.0317919075144509,0.0578034682080925,0.0317919075144509,0.0867052023121387,0.0260115606936416,0.0346820809248555,0.0520231213872832,0.0317919075144509,0.05
"156",156,0.0951086956521739,0.0597826086956522,0.0434782608695652,0.0597826086956522,0.00543478260869565,0.0516304347826087,0.0516304347826087,0.0733695652173913,0.00543478260869565,0.0244565217391304,0.0923913043478261,0.0597826086956522,0.0298913043478261,0.046195652173913,0.0543478260869565,0.0679347826086956,0.0516304347826087,0.0434782608695652,0.0326086956521739,0.0516304347826087,0.06
"883",883,0.136363636363636,0.0656565656565657,0.0353535353535354,0.0656565656565657,0.00757575757575758,0.0404040404040404,0.0252525252525253,0.0909090909090909,0.0151515151515152,0.0555555555555556,0.108585858585859,0.0353535353535354,0.0378787878787879,0.0277777777777778,0.0505050505050505,0.0555555555555556,0.0378787878787879,0.0176767676767677,0.0277777777777778,0.0631313131313131,0.04
"2325",2325,0.0885714285714286,0.0642857142857143,0.03,0.03,0.0142857142857143,0.0471428571428571,0.0585714285714286,0.0485714285714286,0.0357142857142857,0.0557142857142857,0.164285714285714,0.0314285714285714,0.03,0.0285714285714286,0.0542857142857143,0.0485714285714286,0.0571428571428571,0.0271428571428571,0.0371428571428571,0.0485714285714286,0.06
"1163",1163,0.101298701298701,0.0831168831168831,0.0337662337662338,0.0506493506493507,0.00649350649350649,0.0441558441558442,0.038961038961039,0.0857142857142857,0.0142857142857143,0.038961038961039,0.124675324675325,0.0311688311688312,0.0220779220779221,0.0246753246753247,0.087012987012987,0.0571428571428571,0.038961038961039,0.0350649350649351,0.0207792207792208,0.061038961038961,0.09
"345",345,0.112676056338028,0.0657276995305164,0.0375586854460094,0.0485133020344288,0.0156494522691706,0.0625978090766823,0.0594679186228482,0.0625978090766823,0.0234741784037559,0.0625978090766823,0.128325508607199,0.0344287949921753,0.0203442879499218,0.0359937402190923,0.0328638497652582,0.0579029733959311,0.0657276995305164,0.0125195618153365,0.0140845070422535,0.0469483568075117,0.09
"2992",2992,0.0549450549450549,0.0659340659340659,0.021978021978022,0.0494505494505494,0.00549450549450549,0.0604395604395604,0.0769230769230769,0.0549450549450549,0.032967032967033,0.0274725274725275,0.126373626373626,0.032967032967033,0.0384615384615385,0.032967032967033,0.0824175824175824,0.0274725274725275,0.0494505494505494,0.0274725274725275,0.0384615384615385,0.0934065934065934,0.09
"315",315,0.125813449023861,0.017353579175705,0.017353579175705,0.0195227765726681,0.00867678958785249,0.0238611713665944,0.0195227765726681,0.0802603036876356,0.0151843817787419,0.106290672451193,0.117136659436009,0.0303687635574837,0.0542299349240781,0.0477223427331887,0.0412147505422994,0.0802603036876356,0.0585683297180043,0.00433839479392625,0.0281995661605206,0.10412147505423,0.07
"2379",2379,0.0896309314586995,0.0509666080843585,0.0579964850615114,0.0579964850615114,0,0.0386643233743409,0.0562390158172232,0.0738137082601054,0.015817223198594,0.0527240773286467,0.121265377855888,0.031634446397188,0.015817223198594,0.0333919156414763,0.0456942003514939,0.0826010544815466,0.0738137082601054,0.0298769771528998,0.0105448154657293,0.0615114235500879,0.07
"1204",1204,0.102702702702703,0.0864864864864865,0.0486486486486487,0.0378378378378378,0.0162162162162162,0.0594594594594595,0.0594594594594595,0.0702702702702703,0.0486486486486487,0.0378378378378378,0.156756756756757,0.0216216216216216,0.0162162162162162,0.0162162162162162,0.027027027027027,0.0702702702702703,0.0378378378378378,0.0162162162162162,0.027027027027027,0.0432432432432432,0.04
"2750",2750,0.0659824046920821,0.0835777126099707,0.0410557184750733,0.0674486803519062,0.0102639296187683,0.0703812316715543,0.0410557184750733,0.092375366568915,0.0425219941348974,0.0395894428152493,0.0865102639296188,0.0249266862170088,0.0190615835777126,0.0146627565982405,0.0527859237536657,0.0557184750733138,0.0718475073313783,0.0175953079178886,0.0557184750733138,0.0469208211143695,0.01
"2899",2899,0.0944625407166124,0.0749185667752443,0.0390879478827362,0.0488599348534202,0.00977198697068404,0.0651465798045603,0.0488599348534202,0.0553745928338762,0.0325732899022801,0.0586319218241042,0.123778501628664,0.0260586319218241,0.0162866449511401,0.0358306188925081,0.0488599348534202,0.0488599348534202,0.0325732899022801,0.0195439739413681,0.0260586319218241,0.0944625407166124,0.07
"1453",1453,0.0977443609022556,0.0958646616541353,0.0281954887218045,0.0526315789473684,0.0112781954887218,0.0808270676691729,0.0488721804511278,0.0620300751879699,0.0206766917293233,0.0488721804511278,0.107142857142857,0.0338345864661654,0.0131578947368421,0.0526315789473684,0.0319548872180451,0.0695488721804511,0.056390977443609,0.0169172932330827,0.0206766917293233,0.0507518796992481,0.07
"207",207,0.123893805309735,0.0199115044247788,0.0530973451327434,0.0199115044247788,0,0.0309734513274336,0.0176991150442478,0.0907079646017699,0.00884955752212389,0.108407079646018,0.117256637168142,0.0287610619469027,0.0353982300884956,0.0685840707964602,0.0508849557522124,0.0575221238938053,0.0486725663716814,0.0199115044247788,0.0243362831858407,0.0752212389380531,0.05
"2883",2883,0.116981132075472,0.0490566037735849,0.0377358490566038,0.0490566037735849,0.0188679245283019,0.0584905660377358,0.0358490566037736,0.0811320754716981,0.0207547169811321,0.0490566037735849,0.107547169811321,0.030188679245283,0.0283018867924528,0.030188679245283,0.0471698113207547,0.0641509433962264,0.0547169811320755,0.0264150943396226,0.0207547169811321,0.0735849056603774,0.06
"237",237,0.117408906882591,0.0647773279352227,0.00404858299595142,0.0323886639676113,0.0161943319838057,0.0323886639676113,0.0202429149797571,0.11336032388664,0.0202429149797571,0.0607287449392713,0.186234817813765,0.0161943319838057,0.0404858299595142,0.0526315789473684,0.0202429149797571,0.0526315789473684,0.048582995951417,0.0121457489878543,0.0121457489878543,0.0769230769230769,0.03
"1789",1789,0.0894941634241245,0.0622568093385214,0.0505836575875486,0.066147859922179,0,0.0272373540856031,0.0389105058365759,0.0856031128404669,0.0116731517509728,0.0311284046692607,0.101167315175097,0.0311284046692607,0.0116731517509728,0.0389105058365759,0.0311284046692607,0.0583657587548638,0.11284046692607,0.0311284046692607,0.0778210116731518,0.0428015564202335,0.06
"2514",2514,0.0512820512820513,0.0299145299145299,0.0683760683760684,0.0341880341880342,0.0128205128205128,0.0512820512820513,0.00854700854700855,0.0256410256410256,0.0299145299145299,0.115384615384615,0.11965811965812,0.0811965811965812,0.0213675213675214,0.094017094017094,0.0512820512820513,0.0555555555555556,0.0299145299145299,0.0170940170940171,0.0512820512820513,0.0512820512820513,0.08
"115",115,0.134020618556701,0.0247422680412371,0.022680412371134,0.022680412371134,0.00824742268041237,0.0309278350515464,0.0268041237113402,0.0783505154639175,0.0123711340206186,0.0969072164948454,0.117525773195876,0.0391752577319588,0.045360824742268,0.0350515463917526,0.0577319587628866,0.0680412371134021,0.0577319587628866,0.0144329896907217,0.0164948453608247,0.0907216494845361,0.07
"2705",2705,0.129221732745962,0.052863436123348,0.0176211453744493,0.0440528634361234,0.0146842878120411,0.0631424375917768,0.0513950073421439,0.0895741556534508,0.026431718061674,0.0499265785609398,0.0954478707782673,0.039647577092511,0.0234948604992658,0.0381791483113069,0.0513950073421439,0.0543318649045521,0.0587371512481645,0.0117474302496329,0.013215859030837,0.0748898678414097,0.08
"90",90,0.11377245508982,0.0329341317365269,0.0359281437125748,0.0568862275449102,0.0119760479041916,0.0718562874251497,0.0449101796407186,0.0778443113772455,0.029940119760479,0.029940119760479,0.107784431137725,0.0688622754491018,0.0449101796407186,0.0419161676646707,0.0269461077844311,0.0389221556886228,0.0688622754491018,0.0119760479041916,0.0239520958083832,0.0598802395209581,0.09
"2505",2505,0.118081180811808,0.0738007380073801,0.018450184501845,0.033210332103321,0.022140221402214,0.022140221402214,0.0590405904059041,0.0996309963099631,0.033210332103321,0.022140221402214,0.14760147601476,0.018450184501845,0.014760147601476,0.040590405904059,0.0664206642066421,0.0627306273062731,0.0516605166051661,0.029520295202952,0.025830258302583,0.040590405904059,0.1
"1481",1481,0.141732283464567,0.0708661417322835,0.015748031496063,0.015748031496063,0,0.0393700787401575,0.015748031496063,0.078740157480315,0.0078740157480315,0.0708661417322835,0.149606299212598,0.031496062992126,0.031496062992126,0.0236220472440945,0.015748031496063,0.031496062992126,0.0866141732283465,0.0236220472440945,0.015748031496063,0.133858267716535,0.08
"626",626,0.0544959128065395,0.0381471389645777,0.0653950953678474,0.0653950953678474,0.00544959128065395,0.0735694822888283,0.0354223433242507,0.0626702997275204,0.0299727520435967,0.0762942779291553,0.0681198910081744,0.0953678474114441,0.0190735694822888,0.0572207084468665,0.0354223433242507,0.0299727520435967,0.0408719346049046,0.0108991825613079,0.0735694822888283,0.0626702997275204,0.06
"2590",2590,0.0915492957746479,0.0422535211267606,0.0211267605633803,0.00704225352112676,0.0140845070422535,0.0211267605633803,0.0140845070422535,0.0915492957746479,0.0140845070422535,0.028169014084507,0.183098591549296,0.028169014084507,0.0492957746478873,0.0492957746478873,0.0352112676056338,0.0915492957746479,0.0563380281690141,0.0563380281690141,0.0140845070422535,0.0915492957746479,0.05
"1753",1753,0.0888157894736842,0.0789473684210526,0.0263157894736842,0.0394736842105263,0.00986842105263158,0.0855263157894737,0.0263157894736842,0.0526315789473684,0.0131578947368421,0.0657894736842105,0.108552631578947,0.0460526315789474,0.0263157894736842,0.0328947368421053,0.0427631578947368,0.0986842105263158,0.0559210526315789,0.00328947368421053,0.0296052631578947,0.0690789473684211,0.08
"1725",1725,0.12396694214876,0.0516528925619835,0.0206611570247934,0.0537190082644628,0.012396694214876,0.0516528925619835,0.0681818181818182,0.0867768595041322,0.0247933884297521,0.0309917355371901,0.119834710743802,0.0289256198347107,0.0371900826446281,0.0206611570247934,0.0578512396694215,0.0557851239669422,0.0392561983471074,0.0247933884297521,0.0227272727272727,0.0681818181818182,0.1
"814",814,0.0818815331010453,0.0418118466898955,0.029616724738676,0.0522648083623693,0.0104529616724739,0.0505226480836237,0.0574912891986063,0.0853658536585366,0.0331010452961672,0.0505226480836237,0.0923344947735192,0.0400696864111498,0.0400696864111498,0.0209059233449477,0.0487804878048781,0.054006968641115,0.0592334494773519,0.0156794425087108,0.0331010452961672,0.102787456445993,0.03
"1800",1800,0.0864197530864197,0.0771604938271605,0.0308641975308642,0.058641975308642,0.00925925925925926,0.0925925925925926,0.0432098765432099,0.0709876543209877,0.0216049382716049,0.0555555555555556,0.104938271604938,0.037037037037037,0.0185185185185185,0.0246913580246914,0.0493827160493827,0.0617283950617284,0.0462962962962963,0.0185185185185185,0.0308641975308642,0.0617283950617284,0.05
"262",262,0.118181818181818,0.0863636363636364,0.0227272727272727,0.0636363636363636,0.00909090909090909,0.0681818181818182,0.05,0.0454545454545455,0.0318181818181818,0.0454545454545455,0.145454545454545,0.0318181818181818,0.0454545454545455,0.0227272727272727,0.0181818181818182,0.0545454545454545,0.0454545454545455,0.0181818181818182,0.0227272727272727,0.0545454545454545,0.07
"2036",2036,0.131410256410256,0.0480769230769231,0.0448717948717949,0.0480769230769231,0.0192307692307692,0.0512820512820513,0.0576923076923077,0.0737179487179487,0.0224358974358974,0.0544871794871795,0.0993589743589744,0.0480769230769231,0.0224358974358974,0.0128205128205128,0.0416666666666667,0.0544871794871795,0.032051282051282,0.00961538461538462,0.0384615384615385,0.0897435897435897,0.09
"1073",1073,0.13030303030303,0.0707070707070707,0.0545454545454545,0.0545454545454545,0.00404040404040404,0.0515151515151515,0.0777777777777778,0.0555555555555556,0.0212121212121212,0.0353535353535354,0.121212121212121,0.0303030303030303,0.0141414141414141,0.0212121212121212,0.0434343434343434,0.0535353535353535,0.0474747474747475,0.0242424242424242,0.0454545454545455,0.0434343434343434,0.04
"435",435,0.12590799031477,0.0411622276029056,0.0387409200968523,0.0484261501210654,0.00968523002421308,0.0532687651331719,0.0242130750605327,0.12590799031477,0.0242130750605327,0.0677966101694915,0.0702179176755448,0.0411622276029056,0.0338983050847458,0.0338983050847458,0.036319612590799,0.0774818401937046,0.0556900726392252,0.00484261501210654,0.0242130750605327,0.062953995157385,0.08
"1873",1873,0.1,0.059375,0.028125,0.0375,0.015625,0.078125,0.040625,0.090625,0.03125,0.059375,0.109375,0.046875,0.0375,0.028125,0.06875,0.034375,0.053125,0.00625,0.021875,0.053125,0.08
"1993",1993,0.0620253164556962,0.0493670886075949,0.0784810126582278,0.0772151898734177,0.00379746835443038,0.0329113924050633,0.0392405063291139,0.0658227848101266,0.0227848101265823,0.0556962025316456,0.069620253164557,0.0481012658227848,0.020253164556962,0.0354430379746835,0.0278481012658228,0.0936708860759494,0.0835443037974684,0.020253164556962,0.0607594936708861,0.0531645569620253,0.03
"943",943,0.104553119730185,0.0657672849915683,0.03035413153457,0.0421585160202361,0.00168634064080944,0.0489038785834739,0.0674536256323777,0.0674536256323777,0.015177065767285,0.0489038785834739,0.141652613827993,0.0118043844856661,0.0354131534569983,0.0320404721753794,0.0320404721753794,0.0691399662731872,0.0472175379426644,0.0101180438448567,0.03035413153457,0.0978077571669477,0.07
"1443",1443,0.106312292358804,0.0764119601328904,0.0398671096345515,0.053156146179402,0.0166112956810631,0.0564784053156146,0.0299003322259136,0.0730897009966777,0.026578073089701,0.079734219269103,0.112956810631229,0.0232558139534884,0.026578073089701,0.0199335548172757,0.0398671096345515,0.0664451827242525,0.0498338870431894,0.0232558139534884,0.0132890365448505,0.0664451827242525,0.05
"822",822,0.101694915254237,0.0750605326876513,0.036319612590799,0.0581113801452785,0.00484261501210654,0.0556900726392252,0.0484261501210654,0.0435835351089588,0.0169491525423729,0.0605326876513317,0.0920096852300242,0.0726392251815981,0.0338983050847458,0.0242130750605327,0.0532687651331719,0.0677966101694915,0.0556900726392252,0.0217917675544794,0.0217917675544794,0.0556900726392252,0.08
"2294",2294,0.0495867768595041,0.0743801652892562,0.0330578512396694,0.0413223140495868,0.00826446280991736,0.0330578512396694,0.0247933884297521,0.0991735537190083,0.00826446280991736,0.0909090909090909,0.132231404958678,0.0413223140495868,0.0247933884297521,0.0826446280991736,0.0495867768595041,0.00826446280991736,0.0413223140495868,0.0661157024793388,0.0330578512396694,0.0578512396694215,0.09
"1538",1538,0.091254752851711,0.0494296577946768,0.0228136882129278,0.0190114068441065,0,0.0342205323193916,0.0190114068441065,0.0874524714828897,0.0190114068441065,0.0950570342205323,0.171102661596958,0.0190114068441065,0.0228136882129278,0.0342205323193916,0.0456273764258555,0.0760456273764259,0.0418250950570342,0.0494296577946768,0.0190114068441065,0.0836501901140684,0.07
"806",806,0.0692771084337349,0.0692771084337349,0.0632530120481928,0.0632530120481928,0.0120481927710843,0.0542168674698795,0.0421686746987952,0.0572289156626506,0.0301204819277108,0.0903614457831325,0.105421686746988,0.036144578313253,0.0512048192771084,0.0240963855421687,0.0331325301204819,0.0632530120481928,0.0481927710843374,0,0.0391566265060241,0.0481927710843374,0.07
"475",475,0.0740740740740741,0.046639231824417,0.0713305898491084,0.0713305898491084,0.00137174211248285,0.0438957475994513,0.046639231824417,0.0823045267489712,0.00823045267489712,0.037037037037037,0.0685871056241427,0.0342935528120713,0.0260631001371742,0.0438957475994513,0.0384087791495199,0.0795610425240055,0.0919067215363512,0.0205761316872428,0.056241426611797,0.0576131687242798,0.01
"383",383,0.0888888888888889,0.0666666666666667,0.0380952380952381,0.0507936507936508,0.019047619047619,0.0698412698412698,0.0603174603174603,0.073015873015873,0.019047619047619,0.0571428571428571,0.107936507936508,0.0444444444444444,0.019047619047619,0.0158730158730159,0.0476190476190476,0.0412698412698413,0.0349206349206349,0.0253968253968254,0.0253968253968254,0.0952380952380952,0.1
"2758",2758,0.0725663716814159,0.0548672566371681,0.0530973451327434,0.0548672566371681,0.0106194690265487,0.0654867256637168,0.0566371681415929,0.0725663716814159,0.0106194690265487,0.0761061946902655,0.0920353982300885,0.0424778761061947,0.0300884955752212,0.0389380530973451,0.0513274336283186,0.0513274336283186,0.0513274336283186,0.0123893805309735,0.031858407079646,0.0707964601769911,0.09
"1587",1587,0.146919431279621,0.0805687203791469,0.014218009478673,0.0710900473933649,0,0.0473933649289099,0.0568720379146919,0.0710900473933649,0.023696682464455,0.0663507109004739,0.104265402843602,0.014218009478673,0.014218009478673,0.018957345971564,0.0521327014218009,0.037914691943128,0.042654028436019,0.014218009478673,0.033175355450237,0.0900473933649289,0.1
"884",884,0.12015503875969,0.0891472868217054,0.0232558139534884,0.0697674418604651,0.00387596899224806,0.0697674418604651,0.0503875968992248,0.0426356589147287,0.0426356589147287,0.0503875968992248,0.0968992248062016,0.0387596899224806,0.0387596899224806,0.0387596899224806,0.0348837209302326,0.0658914728682171,0.0426356589147287,0.0116279069767442,0.0116279069767442,0.0581395348837209,0.07
"168",168,0.131474103585657,0.0756972111553785,0.0199203187250996,0.051792828685259,0.00796812749003984,0.0398406374501992,0.0836653386454183,0.0557768924302789,0.0557768924302789,0.0318725099601594,0.127490039840637,0.0199203187250996,0.0199203187250996,0.0239043824701195,0.0557768924302789,0.0438247011952191,0.047808764940239,0.0278884462151394,0.0278884462151394,0.051792828685259,0.06
"3127",3127,0.123695976154993,0.0819672131147541,0.022354694485842,0.0506706408345753,0.0134128166915052,0.0536512667660209,0.0655737704918033,0.0670640834575261,0.029806259314456,0.0238450074515648,0.141579731743666,0.022354694485842,0.0163934426229508,0.0417287630402385,0.0551415797317437,0.0491803278688525,0.0551415797317437,0.0283159463487332,0.0134128166915052,0.0447093889716841,0.06
"770",770,0.0871021775544389,0.050251256281407,0.0586264656616415,0.0619765494137353,0.0201005025125628,0.0485762144053601,0.0435510887772194,0.085427135678392,0.0268006700167504,0.0686767169179229,0.0804020100502513,0.0368509212730318,0.0268006700167504,0.0351758793969849,0.0569514237855946,0.0452261306532663,0.0469011725293132,0.0268006700167504,0.0284757118927973,0.0653266331658292,0.09
"2980",2980,0.0737051792828685,0.049800796812749,0.0637450199203187,0.0358565737051793,0.0219123505976096,0.0537848605577689,0.0577689243027888,0.0776892430278884,0.0278884462151394,0.0597609561752988,0.101593625498008,0.049800796812749,0.0179282868525896,0.049800796812749,0.0577689243027888,0.049800796812749,0.049800796812749,0.0159362549800797,0.0199203187250996,0.0657370517928287,0.1
"339",339,0.0968586387434555,0.049738219895288,0.031413612565445,0.0602094240837696,0.0104712041884817,0.0759162303664921,0.0287958115183246,0.0916230366492147,0.0209424083769634,0.0759162303664921,0.0890052356020942,0.0549738219895288,0.0261780104712042,0.0445026178010471,0.0549738219895288,0.0340314136125654,0.031413612565445,0.0235602094240838,0.031413612565445,0.0680628272251309,0.04
"305",305,0.117977528089888,0.0674157303370786,0.0280898876404494,0.0449438202247191,0.0112359550561798,0.0533707865168539,0.0449438202247191,0.0926966292134832,0.0280898876404494,0.0589887640449438,0.098314606741573,0.0252808988764045,0.0337078651685393,0.0168539325842697,0.0449438202247191,0.0449438202247191,0.0617977528089888,0.0252808988764045,0.0252808988764045,0.0758426966292135,0.03
"973",973,0.092057761732852,0.0722021660649819,0.0397111913357401,0.0631768953068592,0.0108303249097473,0.0433212996389892,0.0613718411552347,0.0667870036101083,0.0252707581227437,0.0451263537906137,0.0938628158844765,0.036101083032491,0.0379061371841155,0.036101083032491,0.0649819494584837,0.0324909747292419,0.0451263537906137,0.0216606498194946,0.01985559566787,0.092057761732852,0.07
"2118",2118,0.0702179176755448,0.0532687651331719,0.076271186440678,0.0641646489104116,0.00484261501210654,0.0375302663438257,0.0581113801452785,0.0883777239709443,0.0145278450363196,0.0460048426150121,0.0677966101694915,0.0351089588377724,0.0169491525423729,0.0447941888619855,0.0314769975786925,0.0907990314769976,0.0544794188861985,0.0193704600484262,0.0581113801452785,0.0677966101694915,0.06
"386",386,0.110367892976589,0.0334448160535117,0.0267558528428094,0.0167224080267559,0.00668896321070234,0.0133779264214047,0.020066889632107,0.0903010033444816,0.0167224080267559,0.0735785953177258,0.17056856187291,0.0267558528428094,0.0468227424749164,0.0769230769230769,0.0367892976588629,0.0535117056856187,0.0468227424749164,0.020066889632107,0.0167224080267559,0.096989966555184,0.04
"1597",1597,0.0492424242424242,0.0492424242424242,0.0416666666666667,0.0795454545454545,0.0189393939393939,0.0492424242424242,0.0606060606060606,0.0681818181818182,0.0416666666666667,0.0606060606060606,0.106060606060606,0.0454545454545455,0.0265151515151515,0.0492424242424242,0.053030303030303,0.0378787878787879,0.053030303030303,0.0265151515151515,0.0340909090909091,0.0492424242424242,0.06
"2146",2146,0.0699658703071672,0.0733788395904437,0.0511945392491468,0.0494880546075085,0,0.0358361774744027,0.0563139931740614,0.052901023890785,0.0238907849829352,0.0597269624573379,0.122866894197952,0.0204778156996587,0.0255972696245734,0.0563139931740614,0.0409556313993174,0.0716723549488055,0.0699658703071672,0.0255972696245734,0.037542662116041,0.0563139931740614,0.02
"942",942,0.0983050847457627,0.0728813559322034,0.0288135593220339,0.0542372881355932,0.00508474576271186,0.0491525423728814,0.0576271186440678,0.0694915254237288,0.0271186440677966,0.0644067796610169,0.120338983050847,0.0169491525423729,0.0423728813559322,0.0338983050847458,0.0322033898305085,0.0576271186440678,0.0457627118644068,0.0186440677966102,0.0271186440677966,0.0779661016949153,0.09
"2713",2713,0.11400651465798,0.0651465798045603,0.0195439739413681,0.0586319218241042,0.0195439739413681,0.0488599348534202,0.0456026058631922,0.0749185667752443,0.0358306188925081,0.0358306188925081,0.110749185667752,0.0390879478827362,0.0228013029315961,0.0293159609120521,0.0358306188925081,0.0651465798045603,0.0618892508143322,0.0260586319218241,0.0130293159609121,0.0781758957654723,0.05
"1243",1243,0.061046511627907,0.0886627906976744,0.059593023255814,0.0654069767441861,0.00290697674418605,0.0654069767441861,0.0334302325581395,0.0377906976744186,0.0232558139534884,0.0770348837209302,0.114825581395349,0.0537790697674419,0.0218023255813953,0.0436046511627907,0.0406976744186047,0.0566860465116279,0.0290697674418605,0.00726744186046512,0.0508720930232558,0.0668604651162791,0.08
"1885",1885,0.0670289855072464,0.115942028985507,0.036231884057971,0.0543478260869565,0.00905797101449275,0.0706521739130435,0.0289855072463768,0.0615942028985507,0.0380434782608696,0.0543478260869565,0.132246376811594,0.0253623188405797,0.0289855072463768,0.0380434782608696,0.0452898550724638,0.0652173913043478,0.0344202898550725,0.0181159420289855,0.0181159420289855,0.0579710144927536,0.03
"756",756,0.11372064276885,0.0803461063040791,0.0259579728059332,0.0580964153275649,0.00865265760197775,0.0593325092707046,0.069221260815822,0.0642768850432633,0.0135970333745365,0.03831891223733,0.158220024721879,0.0296662546353523,0.0271940667490729,0.0111248454882571,0.0618046971569839,0.0543881334981459,0.03831891223733,0.0173053152039555,0.0135970333745365,0.0568603213844252,0.04
"2003",2003,0.104084321475626,0.0606060606060606,0.0461133069828722,0.0566534914361001,0.0184453227931489,0.0566534914361001,0.0434782608695652,0.0764163372859025,0.0263504611330698,0.0540184453227932,0.0843214756258235,0.0434782608695652,0.0355731225296443,0.0329380764163373,0.0487483530961792,0.0658761528326746,0.0461133069828722,0.0105401844532279,0.0289855072463768,0.0606060606060606,0.08
"599",599,0.138728323699422,0.0606936416184971,0.0549132947976879,0.0606936416184971,0.0115606936416185,0.0375722543352601,0.0433526011560694,0.0606936416184971,0.0289017341040462,0.0664739884393064,0.0895953757225433,0.0260115606936416,0.0433526011560694,0.0173410404624277,0.0375722543352601,0.0606936416184971,0.0520231213872832,0.00578034682080925,0.023121387283237,0.0809248554913295,0.1
"1611",1611,0.0872641509433962,0.0566037735849057,0.0436320754716981,0.0530660377358491,0.0117924528301887,0.0554245283018868,0.0566037735849057,0.089622641509434,0.0330188679245283,0.0542452830188679,0.0766509433962264,0.0424528301886792,0.0224056603773585,0.0389150943396226,0.0518867924528302,0.0518867924528302,0.0495283018867925,0.0235849056603774,0.0318396226415094,0.0695754716981132,0.09
"706",706,0.0581395348837209,0.116279069767442,0.0406976744186047,0.0813953488372093,0.00581395348837209,0.0755813953488372,0.0523255813953488,0.0174418604651163,0.0290697674418605,0.0523255813953488,0.104651162790698,0.0290697674418605,0.0174418604651163,0.0465116279069767,0.0290697674418605,0.0523255813953488,0.0755813953488372,0.0290697674418605,0.0232558139534884,0.063953488372093,0.06
"2482",2482,0.101580135440181,0.0744920993227991,0.0225733634311512,0.0519187358916479,0.0090293453724605,0.0632054176072235,0.0677200902934537,0.072234762979684,0.018058690744921,0.054176072234763,0.101580135440181,0.0293453724604966,0.018058690744921,0.0383747178329571,0.0519187358916479,0.0586907449209932,0.0496613995485327,0.0293453724604966,0.0270880361173815,0.0609480812641084,0.08
"2039",2039,0.0878661087866109,0.0815899581589958,0.0334728033472803,0.0690376569037657,0.00418410041841004,0.0606694560669456,0.0460251046025105,0.0669456066945607,0.0334728033472803,0.0230125523012552,0.121338912133891,0.0167364016736402,0.0313807531380753,0.0439330543933054,0.0418410041841004,0.0774058577405858,0.0543933054393305,0.0251046025104603,0.0355648535564854,0.0460251046025105,0.01
"2881",2881,0.0549738219895288,0.0340314136125654,0.0942408376963351,0.0445026178010471,0.00523560209424084,0.0287958115183246,0.0575916230366492,0.107329842931937,0.0183246073298429,0.0523560209424084,0.0706806282722513,0.031413612565445,0.0183246073298429,0.0366492146596859,0.0340314136125654,0.102094240837696,0.081151832460733,0.0130890052356021,0.0549738219895288,0.0602094240837696,0.03
"1754",1754,0.0977443609022556,0.0864661654135338,0.037593984962406,0.0413533834586466,0.0075187969924812,0.0451127819548872,0.0488721804511278,0.0488721804511278,0.0263157894736842,0.037593984962406,0.112781954887218,0.0300751879699248,0.0263157894736842,0.0413533834586466,0.0789473684210526,0.0601503759398496,0.037593984962406,0.0112781954887218,0.037593984962406,0.0864661654135338,0.1
"2496",2496,0.0920502092050209,0.0502092050209205,0.0376569037656904,0.0460251046025105,0.0376569037656904,0.0669456066945607,0.0292887029288703,0.0794979079497908,0.0125523012552301,0.0502092050209205,0.104602510460251,0.0669456066945607,0.0376569037656904,0.0292887029288703,0.0418410041841004,0.0669456066945607,0.0334728033472803,0.00418410041841004,0.0251046025104603,0.0878661087866109,0.1
"164",164,0.0817843866171004,0.0390334572490706,0.0669144981412639,0.0669144981412639,0,0.0594795539033457,0.0427509293680297,0.0836431226765799,0.0111524163568773,0.0408921933085502,0.0594795539033457,0.0650557620817844,0.0204460966542751,0.0594795539033457,0.0260223048327138,0.0762081784386617,0.0687732342007435,0.0241635687732342,0.0557620817843866,0.0520446096654275,0.09
"2467",2467,0.0930232558139535,0.0365448504983389,0.0365448504983389,0.0598006644518272,0.00996677740863787,0.0465116279069767,0.0365448504983389,0.0764119601328904,0.0166112956810631,0.0631229235880399,0.109634551495017,0.0465116279069767,0.0232558139534884,0.0332225913621262,0.0564784053156146,0.053156146179402,0.0697674418604651,0.00664451827242525,0.0398671096345515,0.0863787375415282,0.08
"2956",2956,0.0616113744075829,0.0900473933649289,0.023696682464455,0.0473933649289099,0.014218009478673,0.037914691943128,0.0663507109004739,0.0616113744075829,0.023696682464455,0.042654028436019,0.165876777251185,0.014218009478673,0.018957345971564,0.0473933649289099,0.0568720379146919,0.0473933649289099,0.0568720379146919,0.033175355450237,0.033175355450237,0.0568720379146919,0.08
"224",224,0.106164383561644,0.0650684931506849,0.0342465753424658,0.0479452054794521,0.023972602739726,0.0513698630136986,0.0445205479452055,0.0958904109589041,0.0205479452054795,0.0445205479452055,0.164383561643836,0.0205479452054795,0.0273972602739726,0.0273972602739726,0.0445205479452055,0.0479452054794521,0.0753424657534247,0.0136986301369863,0.0171232876712329,0.0273972602739726,0.06
"1767",1767,0.0622710622710623,0.10989010989011,0.0256410256410256,0.0476190476190476,0.010989010989011,0.0732600732600733,0.0659340659340659,0.0769230769230769,0.0256410256410256,0.043956043956044,0.106227106227106,0.032967032967033,0.0183150183150183,0.0366300366300366,0.0476190476190476,0.0659340659340659,0.0512820512820513,0.010989010989011,0.021978021978022,0.0659340659340659,0.09
"2587",2587,0.113449222323879,0.0548947849954254,0.0439158279963403,0.0558096980786825,0.0146386093321134,0.0612991765782251,0.0640439158279963,0.0640439158279963,0.0311070448307411,0.0365965233302836,0.109789569990851,0.0365965233302836,0.020128087831656,0.0375114364135407,0.0494053064958829,0.0420860018298262,0.0430009149130833,0.0320219579139982,0.040256175663312,0.0494053064958829,0.06
"1902",1902,0.0926829268292683,0.0902439024390244,0.0195121951219512,0.0585365853658537,0.0121951219512195,0.0634146341463415,0.0536585365853659,0.0512195121951219,0.0390243902439024,0.0487804878048781,0.124390243902439,0.0414634146341463,0.0292682926829268,0.0317073170731707,0.0512195121951219,0.0439024390243902,0.0414634146341463,0.0365853658536585,0.0268292682926829,0.0439024390243902,0.06
"472",472,0.0751445086705202,0.0751445086705202,0.0419075144508671,0.0578034682080925,0.0130057803468208,0.0852601156069364,0.0447976878612717,0.0505780346820809,0.0202312138728324,0.0563583815028902,0.134393063583815,0.0419075144508671,0.0245664739884393,0.0317919075144509,0.0404624277456647,0.0549132947976879,0.0534682080924856,0.00722543352601156,0.0274566473988439,0.0635838150289017,0.1
"547",547,0.0840336134453782,0.0336134453781513,0.0168067226890756,0.0252100840336134,0.00840336134453781,0.0168067226890756,0.00840336134453781,0.100840336134454,0.0420168067226891,0.092436974789916,0.151260504201681,0.0252100840336134,0.0504201680672269,0.0672268907563025,0.0672268907563025,0.0336134453781513,0.0252100840336134,0.0336134453781513,0.0168067226890756,0.100840336134454,0.07
"157",157,0.0809352517985611,0.0665467625899281,0.0485611510791367,0.052158273381295,0.0161870503597122,0.0737410071942446,0.0467625899280576,0.10431654676259,0.0305755395683453,0.0539568345323741,0.0719424460431655,0.026978417266187,0.0341726618705036,0.0359712230215827,0.0593525179856115,0.0449640287769784,0.0485611510791367,0.0161870503597122,0.0377697841726619,0.0503597122302158,0.09
"1517",1517,0.0970464135021097,0.0506329113924051,0.0379746835443038,0.060478199718706,0.0168776371308017,0.060478199718706,0.0436005625879044,0.0689170182841069,0.0365682137834037,0.0421940928270042,0.09985935302391,0.0407876230661041,0.0154711673699015,0.0576652601969058,0.0534458509142053,0.0534458509142053,0.0379746835443038,0.00843881856540084,0.0421940928270042,0.0759493670886076,0.03
"1217",1217,0.110220440881764,0.0420841683366733,0.030060120240481,0.0280561122244489,0.00400801603206413,0.0260521042084168,0.0280561122244489,0.0901803607214429,0.0220440881763527,0.0781563126252505,0.12625250501002,0.0400801603206413,0.0480961923847695,0.0420841683366733,0.0400801603206413,0.064128256513026,0.064128256513026,0.0160320641282565,0.0240480961923848,0.0761523046092184,0.06
"1887",1887,0.106382978723404,0.0212765957446809,0.0106382978723404,0.0425531914893617,0.0106382978723404,0.0212765957446809,0.0425531914893617,0.0638297872340425,0.0638297872340425,0.0319148936170213,0.0638297872340425,0.0212765957446809,0.0531914893617021,0.0106382978723404,0.0957446808510638,0.0638297872340425,0.0425531914893617,0,0.0425531914893617,0.191489361702128,0.1
"2707",2707,0.0694626474442988,0.0432503276539974,0.0511140235910878,0.0655307994757536,0.00786369593709043,0.0484927916120577,0.036697247706422,0.073394495412844,0.0209698558322412,0.0524246395806029,0.100917431192661,0.0602883355176933,0.0131061598951507,0.0602883355176933,0.0484927916120577,0.0707732634338139,0.0576671035386632,0.0209698558322412,0.0327653997378768,0.0655307994757536,0.07
"2395",2395,0.0689655172413793,0.0532915360501567,0.0438871473354232,0.0501567398119122,0.0125391849529781,0.0532915360501567,0.0564263322884013,0.0188087774294671,0.0282131661442006,0.0407523510971787,0.163009404388715,0.0501567398119122,0.0376175548589342,0.0313479623824451,0.0689655172413793,0.0783699059561129,0.0470219435736677,0.0282131661442006,0.0282131661442006,0.0407523510971787,0.05
"1499",1499,0.104477611940299,0.0485074626865672,0.0447761194029851,0.0671641791044776,0.0186567164179104,0.0485074626865672,0.0261194029850746,0.0708955223880597,0.0223880597014925,0.0597014925373134,0.0746268656716418,0.0447761194029851,0.0335820895522388,0.0522388059701493,0.0335820895522388,0.0485074626865672,0.0708955223880597,0.0186567164179104,0.0111940298507463,0.100746268656716,0.08
"2657",2657,0.105263157894737,0.0300751879699248,0.0225563909774436,0.0300751879699248,0.0075187969924812,0.0150375939849624,0.0225563909774436,0.12781954887218,0.0225563909774436,0.0827067669172932,0.12781954887218,0.0075187969924812,0.0526315789473684,0.0526315789473684,0.0601503759398496,0.0300751879699248,0.075187969924812,0.0075187969924812,0,0.120300751879699,0.1
"506",506,0.078125,0.0625,0.03125,0.0260416666666667,0.0416666666666667,0.0625,0.078125,0.0572916666666667,0.015625,0.0416666666666667,0.135416666666667,0.0416666666666667,0.03125,0.0364583333333333,0.0572916666666667,0.0729166666666667,0.0416666666666667,0.0208333333333333,0.015625,0.0520833333333333,0.03
"713",713,0.0896057347670251,0.0645161290322581,0.043010752688172,0.039426523297491,0.00716845878136201,0.0645161290322581,0.0681003584229391,0.0501792114695341,0.028673835125448,0.039426523297491,0.154121863799283,0.039426523297491,0.017921146953405,0.032258064516129,0.025089605734767,0.0716845878136201,0.0716845878136201,0.025089605734767,0.028673835125448,0.039426523297491,0.06
"885",885,0.087890625,0.0546875,0.0390625,0.029296875,0.005859375,0.033203125,0.044921875,0.078125,0.00390625,0.068359375,0.138671875,0.02734375,0.025390625,0.056640625,0.0703125,0.0546875,0.060546875,0.03125,0.033203125,0.056640625,0.03
"1980",1980,0.0125,0.03125,0.1125,0.06875,0.01875,0.03125,0.01875,0.05,0.01875,0.11875,0.075,0.09375,0.01875,0.0625,0.00625,0.06875,0.025,0.0125,0.08125,0.075,0.09
"1128",1128,0.111405835543767,0.0291777188328912,0.0875331564986737,0.0981432360742706,0,0.0318302387267905,0.0371352785145889,0.114058355437666,0.013262599469496,0.0238726790450928,0.0716180371352785,0.0450928381962865,0.0238726790450928,0.0503978779840849,0.013262599469496,0.0557029177718833,0.0636604774535809,0.013262599469496,0.0716180371352785,0.0450928381962865,0.1
"439",439,0.125581395348837,0.116279069767442,0.0232558139534884,0.027906976744186,0,0.102325581395349,0.0558139534883721,0.0558139534883721,0.013953488372093,0.0465116279069767,0.0930232558139535,0.027906976744186,0.0372093023255814,0.0511627906976744,0.0186046511627907,0.0697674418604651,0.0418604651162791,0.00465116279069767,0.0232558139534884,0.0651162790697674,0.08
"2126",2126,0.0873015873015873,0.0767195767195767,0.0317460317460317,0.0529100529100529,0.0132275132275132,0.0661375661375661,0.0608465608465608,0.0608465608465608,0.0264550264550265,0.0502645502645503,0.12962962962963,0.0264550264550265,0.0211640211640212,0.0211640211640212,0.0343915343915344,0.0740740740740741,0.0502645502645503,0.0185185185185185,0.0158730158730159,0.082010582010582,0.08
"2307",2307,0.089041095890411,0.0513698630136986,0.0582191780821918,0.0376712328767123,0.0342465753424658,0.0753424657534247,0.0479452054794521,0.0719178082191781,0.00684931506849315,0.023972602739726,0.13013698630137,0.0410958904109589,0.0308219178082192,0.0273972602739726,0.0342465753424658,0.0650684931506849,0.0376712328767123,0.0205479452054795,0.0410958904109589,0.0753424657534247,0.19
"1211",1211,0.0510440835266821,0.08584686774942,0.0510440835266821,0.0255220417633411,0.00696055684454756,0.074245939675174,0.0464037122969838,0.0696055684454756,0.0348027842227378,0.0394431554524362,0.14385150812065,0.0394431554524362,0.0278422273781903,0.0394431554524362,0.0487238979118329,0.0487238979118329,0.0580046403712297,0.0255220417633411,0.0185614849187935,0.0649651972157773,0.13
"1715",1715,0.117816091954023,0.0804597701149425,0.0488505747126437,0.0632183908045977,0.0028735632183908,0.0574712643678161,0.0603448275862069,0.0517241379310345,0.00574712643678161,0.0488505747126437,0.0977011494252874,0.0373563218390805,0.0459770114942529,0.0402298850574713,0.0459770114942529,0.0488505747126437,0.0488505747126437,0.0201149425287356,0.0316091954022989,0.0459770114942529,0.2
"1830",1830,0.0689655172413793,0.0591133004926108,0.0443349753694581,0.0467980295566502,0.0270935960591133,0.0591133004926108,0.0591133004926108,0.0517241379310345,0.0270935960591133,0.0665024630541872,0.0812807881773399,0.0517241379310345,0.0246305418719212,0.0394088669950739,0.0591133004926108,0.0492610837438424,0.0394088669950739,0.0467980295566502,0.0566502463054187,0.041871921182266,0.19
"847",847,0.126315789473684,0.0421052631578947,0.0631578947368421,0.0315789473684211,0,0.0368421052631579,0.0578947368421053,0.0789473684210526,0.00526315789473684,0.0526315789473684,0.126315789473684,0.0263157894736842,0.0105263157894737,0.0263157894736842,0.068421052631579,0.0736842105263158,0.0526315789473684,0.0210526315789474,0.0263157894736842,0.0736842105263158,0.18
"2243",2243,0.11304347826087,0.0652173913043478,0.0173913043478261,0.0391304347826087,0.0304347826086957,0.091304347826087,0.0478260869565217,0.091304347826087,0.0260869565217391,0.0826086956521739,0.104347826086957,0.0217391304347826,0.0260869565217391,0.0391304347826087,0.0217391304347826,0.0391304347826087,0.0652173913043478,0.00869565217391304,0.0217391304347826,0.0478260869565217,0.12
"2805",2805,0.108196721311475,0.0655737704918033,0.039344262295082,0.0360655737704918,0.00327868852459016,0.0852459016393443,0.059016393442623,0.0491803278688525,0,0.101639344262295,0.0786885245901639,0.0491803278688525,0.0426229508196721,0.0229508196721311,0.0360655737704918,0.0754098360655738,0.0426229508196721,0.00655737704918033,0.019672131147541,0.0786885245901639,0.14
"410",410,0.128878281622912,0.0954653937947494,0.0238663484486874,0.0214797136038186,0.00238663484486874,0.0883054892601432,0.119331742243437,0.0787589498806683,0.00954653937947494,0.0429594272076372,0.0978520286396181,0.0548926014319809,0.0143198090692124,0.0143198090692124,0.0238663484486874,0.0644391408114559,0.0405727923627685,0.00954653937947494,0.0238663484486874,0.045346062052506,0.11
"1500",1500,0.0846153846153846,0.0653846153846154,0.0192307692307692,0.0653846153846154,0.0346153846153846,0.0576923076923077,0.05,0.0576923076923077,0.0307692307692308,0.0846153846153846,0.0846153846153846,0.0461538461538462,0.0307692307692308,0.05,0.0269230769230769,0.0692307692307692,0.05,0.00384615384615385,0.0307692307692308,0.0576923076923077,0.11
